file, jumlah, tak_terdeteksi, false_positive, benar_deteksi, jumlah_terdeteksi, persentase_terdeteksi, persentase_false_positive, akurasi
00001.jpg, 1, 0, 0, 1, 1, 100.0, 0.0, 100.0
00008.jpg, 2, 2, 0, 0, 0, 0.0, None, None
00011.jpg, 1, 1, 0, 0, 0, 0.0, None, None
00012.jpg, 2, 1, 0, 1, 1, 50.0, 0.0, 100.0
00021.jpg, 1, 1, 2, 0, 2, 0.0, 100.0, None
00029.jpg, 1, 0, 1, 1, 2, 100.0, 50.0, 100.0
00030.jpg, 1, 1, 0, 0, 0, 0.0, None, None
00031.jpg, 1, 1, 0, 0, 0, 0.0, None, None
00041.jpg, 1, 0, 0, 1, 1, 100.0, 0.0, 100.0
00042.jpg, 1, 1, 1, 0, 1, 0.0, 100.0, None
00043.jpg, 1, 1, 1, 0, 1, 0.0, 100.0, None
00049.jpg, 2, 1, 1, 1, 2, 50.0, 50.0, 100.0
00063.jpg, 2, 0, 1, 2, 3, 100.0, 33.33333333333333, 100.0
00065.jpg, 2, 2, 0, 0, 0, 0.0, None, None
00067.jpg, 1, 1, 0, 0, 0, 0.0, None, None
00091.jpg, 2, 2, 1, 0, 1, 0.0, 100.0, None
00093.jpg, 1, 0, 0, 1, 1, 100.0, 0.0, 100.0
00094.jpg, 1, 1, 0, 0, 0, 0.0, None, None
00096.jpg, 1, 1, 1, 0, 1, 0.0, 100.0, None
00121.jpg, 3, 2, 0, 1, 1, 33.33333333333333, 0.0, 100.0
00123.jpg, 2, 2, 3, 0, 3, 0.0, 100.0, None
00127.jpg, 3, 3, 0, 0, 0, 0.0, None, None
00128.jpg, 3, 2, 1, 1, 2, 33.33333333333333, 50.0, 100.0
00129.jpg, 3, 3, 0, 0, 0, 0.0, None, None
00131.jpg, 1, 1, 1, 0, 1, 0.0, 100.0, None
00132.jpg, 1, 1, 1, 0, 1, 0.0, 100.0, None
00135.jpg, 1, 1, 0, 0, 0, 0.0, None, None
00148.jpg, 1, 0, 1, 1, 2, 100.0, 50.0, 100.0
00152.jpg, 1, 0, 0, 0, 1, 100.0, 0.0, 0.0
00165.jpg, 3, 3, 0, 0, 0, 0.0, None, None
00168.jpg, 3, 0, 0, 3, 3, 100.0, 0.0, 100.0
00175.jpg, 3, 3, 0, 0, 0, 0.0, None, None
00177.jpg, 1, 1, 0, 0, 0, 0.0, None, None
00180.jpg, 3, 3, 0, 0, 0, 0.0, None, None
00185.jpg, 1, 1, 0, 0, 0, 0.0, None, None
00186.jpg, 1, 1, 2, 0, 2, 0.0, 100.0, None
00196.jpg, 2, 1, 0, 1, 1, 50.0, 0.0, 100.0
00197.jpg, 1, 0, 0, 1, 1, 100.0, 0.0, 100.0
00207.jpg, 2, 1, 0, 1, 1, 50.0, 0.0, 100.0
00222.jpg, 2, 1, 0, 1, 1, 50.0, 0.0, 100.0
00231.jpg, 1, 1, 0, 0, 0, 0.0, None, None
00236.jpg, 1, 1, 0, 0, 0, 0.0, None, None
00237.jpg, 3, 3, 1, 0, 1, 0.0, 100.0, None
00239.jpg, 1, 0, 0, 1, 1, 100.0, 0.0, 100.0
00244.jpg, 2, 1, 0, 1, 1, 50.0, 0.0, 100.0
00247.jpg, 2, 0, 0, 1, 2, 100.0, 0.0, 50.0
00248.jpg, 2, 2, 1, 0, 1, 0.0, 100.0, None
00256.jpg, 2, 2, 0, 0, 0, 0.0, None, None
00277.jpg, 1, 1, 0, 0, 0, 0.0, None, None
00278.jpg, 1, 1, 1, 0, 1, 0.0, 100.0, None
00279.jpg, 1, 1, 1, 0, 1, 0.0, 100.0, None
00280.jpg, 2, 0, 0, 2, 2, 100.0, 0.0, 100.0
00284.jpg, 1, 1, 0, 0, 0, 0.0, None, None
00287.jpg, 1, 1, 0, 0, 0, 0.0, None, None
00293.jpg, 1, 1, 0, 0, 0, 0.0, None, None
00299.jpg, 1, 0, 0, 1, 1, 100.0, 0.0, 100.0
00301.jpg, 3, 3, 0, 0, 0, 0.0, None, None
00302.jpg, 3, 3, 0, 0, 0, 0.0, None, None
00304.jpg, 1, 1, 0, 0, 0, 0.0, None, None
00311.jpg, 2, 2, 0, 0, 0, 0.0, None, None
00317.jpg, 2, 2, 0, 0, 0, 0.0, None, None
00326.jpg, 1, 0, 0, 1, 1, 100.0, 0.0, 100.0
00327.jpg, 1, 1, 0, 0, 0, 0.0, None, None
00328.jpg, 1, 1, 0, 0, 0, 0.0, None, None
00339.jpg, 1, 1, 0, 0, 0, 0.0, None, None
00342.jpg, 1, 1, 0, 0, 0, 0.0, None, None
00346.jpg, 3, 3, 0, 0, 0, 0.0, None, None
00354.jpg, 1, 1, 0, 0, 0, 0.0, None, None
00358.jpg, 1, 1, 0, 0, 0, 0.0, None, None
00369.jpg, 1, 1, 0, 0, 0, 0.0, None, None
00390.jpg, 1, 1, 0, 0, 0, 0.0, None, None
00391.jpg, 1, 1, 0, 0, 0, 0.0, None, None
00392.jpg, 1, 1, 0, 0, 0, 0.0, None, None
00393.jpg, 1, 1, 0, 0, 0, 0.0, None, None
00399.jpg, 2, 0, 0, 2, 2, 100.0, 0.0, 100.0
00401.jpg, 1, 1, 0, 0, 0, 0.0, None, None
00418.jpg, 1, 1, 0, 0, 0, 0.0, None, None
00421.jpg, 1, 1, 1, 0, 1, 0.0, 100.0, None
00424.jpg, 1, 1, 0, 0, 0, 0.0, None, None
00425.jpg, 1, 1, 0, 0, 0, 0.0, None, None
00426.jpg, 1, 1, 0, 0, 0, 0.0, None, None
00427.jpg, 1, 1, 0, 0, 0, 0.0, None, None
00430.jpg, 1, 1, 0, 0, 0, 0.0, None, None
00431.jpg, 1, 1, 0, 0, 0, 0.0, None, None
00432.jpg, 1, 1, 0, 0, 0, 0.0, None, None
00433.jpg, 1, 1, 0, 0, 0, 0.0, None, None
00434.jpg, 1, 1, 1, 0, 1, 0.0, 100.0, None
00436.jpg, 1, 1, 0, 0, 0, 0.0, None, None
00438.jpg, 1, 1, 0, 0, 0, 0.0, None, None
00439.jpg, 1, 1, 0, 0, 0, 0.0, None, None
00440.jpg, 1, 1, 0, 0, 0, 0.0, None, None
00444.jpg, 1, 1, 0, 0, 0, 0.0, None, None
00447.jpg, 2, 2, 0, 0, 0, 0.0, None, None
00448.jpg, 1, 1, 1, 0, 1, 0.0, 100.0, None
00451.jpg, 1, 1, 0, 0, 0, 0.0, None, None
00452.jpg, 1, 1, 0, 0, 0, 0.0, None, None
00453.jpg, 1, 1, 0, 0, 0, 0.0, None, None
00454.jpg, 1, 1, 0, 0, 0, 0.0, None, None
00458.jpg, 1, 1, 0, 0, 0, 0.0, None, None
00460.jpg, 1, 1, 0, 0, 0, 0.0, None, None
00463.jpg, 1, 0, 1, 1, 2, 100.0, 50.0, 100.0
00476.jpg, 1, 1, 2, 0, 2, 0.0, 100.0, None
00477.jpg, 1, 0, 2, 1, 3, 100.0, 66.66666666666666, 100.0
00478.jpg, 1, 0, 1, 1, 2, 100.0, 50.0, 100.0
00479.jpg, 1, 1, 0, 0, 0, 0.0, None, None
00492.jpg, 2, 0, 1, 2, 3, 100.0, 33.33333333333333, 100.0
00493.jpg, 1, 1, 1, 0, 1, 0.0, 100.0, None
00497.jpg, 1, 0, 0, 1, 1, 100.0, 0.0, 100.0
00498.jpg, 1, 1, 1, 0, 1, 0.0, 100.0, None
00503.jpg, 3, 3, 0, 0, 0, 0.0, None, None
00504.jpg, 2, 1, 0, 1, 1, 50.0, 0.0, 100.0
00507.jpg, 1, 1, 0, 0, 0, 0.0, None, None
00508.jpg, 1, 1, 0, 0, 0, 0.0, None, None
00509.jpg, 1, 1, 0, 0, 0, 0.0, None, None
00510.jpg, 1, 1, 0, 0, 0, 0.0, None, None
00512.jpg, 1, 1, 0, 0, 0, 0.0, None, None
00520.jpg, 1, 1, 2, 0, 2, 0.0, 100.0, None
00538.jpg, 2, 0, 0, 2, 2, 100.0, 0.0, 100.0
00539.jpg, 2, 0, 0, 2, 2, 100.0, 0.0, 100.0
00540.jpg, 2, 0, 0, 2, 2, 100.0, 0.0, 100.0
00541.jpg, 2, 0, 0, 2, 2, 100.0, 0.0, 100.0
00549.jpg, 2, 1, 1, 1, 2, 50.0, 50.0, 100.0
00556.jpg, 1, 0, 0, 1, 1, 100.0, 0.0, 100.0
00568.jpg, 1, 1, 2, 0, 2, 0.0, 100.0, None
00570.jpg, 1, 0, 0, 1, 1, 100.0, 0.0, 100.0
00572.jpg, 1, 1, 0, 0, 0, 0.0, None, None
00573.jpg, 1, 1, 0, 0, 0, 0.0, None, None
00574.jpg, 2, 1, 0, 1, 1, 50.0, 0.0, 100.0
00575.jpg, 1, 1, 0, 0, 0, 0.0, None, None
00576.jpg, 1, 1, 0, 0, 0, 0.0, None, None
00581.jpg, 1, 1, 0, 0, 0, 0.0, None, None
00582.jpg, 4, 2, 0, 2, 2, 50.0, 0.0, 100.0
00583.jpg, 1, 1, 1, 0, 1, 0.0, 100.0, None
00585.jpg, 1, 0, 1, 1, 2, 100.0, 50.0, 100.0
00599.jpg, 2, 0, 0, 2, 2, 100.0, 0.0, 100.0
00601.jpg, 2, 1, 0, 1, 1, 50.0, 0.0, 100.0
00607.jpg, 1, 0, 1, 1, 2, 100.0, 50.0, 100.0
00609.jpg, 1, 0, 0, 1, 1, 100.0, 0.0, 100.0
00619.jpg, 1, 1, 3, 0, 3, 0.0, 100.0, None
00620.jpg, 2, 1, 2, 1, 3, 50.0, 66.66666666666666, 100.0
00621.jpg, 2, 1, 2, 1, 3, 50.0, 66.66666666666666, 100.0
00622.jpg, 2, 1, 2, 1, 3, 50.0, 66.66666666666666, 100.0
00623.jpg, 2, 1, 2, 1, 3, 50.0, 66.66666666666666, 100.0
00624.jpg, 2, 1, 0, 0, 1, 50.0, 0.0, 0.0
00625.jpg, 2, 1, 1, 1, 2, 50.0, 50.0, 100.0
00632.jpg, 1, 0, 2, 1, 3, 100.0, 66.66666666666666, 100.0
00633.jpg, 1, 0, 2, 1, 3, 100.0, 66.66666666666666, 100.0
00634.jpg, 1, 0, 2, 1, 3, 100.0, 66.66666666666666, 100.0
00638.jpg, 1, 0, 0, 1, 1, 100.0, 0.0, 100.0
00644.jpg, 3, 3, 0, 0, 0, 0.0, None, None
00647.jpg, 1, 1, 4, 0, 4, 0.0, 100.0, None
00662.jpg, 1, 0, 0, 1, 1, 100.0, 0.0, 100.0
00676.jpg, 1, 0, 2, 1, 3, 100.0, 66.66666666666666, 100.0
00692.jpg, 1, 0, 0, 1, 1, 100.0, 0.0, 100.0
00695.jpg, 2, 1, 0, 1, 1, 50.0, 0.0, 100.0
00704.jpg, 2, 0, 0, 2, 2, 100.0, 0.0, 100.0
00706.jpg, 1, 0, 0, 1, 1, 100.0, 0.0, 100.0
00719.jpg, 1, 1, 1, 0, 1, 0.0, 100.0, None
00746.jpg, 3, 0, 0, 3, 3, 100.0, 0.0, 100.0
00751.jpg, 1, 0, 0, 1, 1, 100.0, 0.0, 100.0
00753.jpg, 1, 1, 0, 0, 0, 0.0, None, None
00755.jpg, 1, 0, 1, 1, 2, 100.0, 50.0, 100.0
00756.jpg, 1, 0, 1, 1, 2, 100.0, 50.0, 100.0
00767.jpg, 1, 1, 0, 0, 0, 0.0, None, None
00768.jpg, 1, 1, 1, 0, 1, 0.0, 100.0, None
00769.jpg, 1, 1, 1, 0, 1, 0.0, 100.0, None
00781.jpg, 1, 0, 0, 1, 1, 100.0, 0.0, 100.0
00789.jpg, 2, 0, 0, 2, 2, 100.0, 0.0, 100.0
00792.jpg, 2, 0, 0, 1, 2, 100.0, 0.0, 50.0
00797.jpg, 3, 1, 0, 2, 2, 66.66666666666666, 0.0, 100.0
00798.jpg, 1, 1, 3, 0, 3, 0.0, 100.0, None
00800.jpg, 1, 1, 0, 0, 0, 0.0, None, None
00809.jpg, 3, 2, 0, 1, 1, 33.33333333333333, 0.0, 100.0
00812.jpg, 1, 1, 0, 0, 0, 0.0, None, None
00815.jpg, 2, 1, 0, 1, 1, 50.0, 0.0, 100.0
00824.jpg, 1, 1, 0, 0, 0, 0.0, None, None
00825.jpg, 1, 0, 0, 1, 1, 100.0, 0.0, 100.0
00844.jpg, 3, 1, 0, 2, 2, 66.66666666666666, 0.0, 100.0
00854.jpg, 4, 3, 0, 1, 1, 25.0, 0.0, 100.0
00856.jpg, 1, 1, 0, 0, 0, 0.0, None, None
00866.jpg, 1, 1, 0, 0, 0, 0.0, None, None
00868.jpg, 1, 1, 0, 0, 0, 0.0, None, None
00871.jpg, 2, 2, 0, 0, 0, 0.0, None, None
00875.jpg, 1, 1, 1, 0, 1, 0.0, 100.0, None
00876.jpg, 1, 1, 0, 0, 0, 0.0, None, None
00880.jpg, 2, 2, 0, 0, 0, 0.0, None, None
00881.jpg, 1, 1, 0, 0, 0, 0.0, None, None
00884.jpg, 1, 1, 0, 0, 0, 0.0, None, None
00885.jpg, 1, 1, 0, 0, 0, 0.0, None, None
00887.jpg, 1, 1, 0, 0, 0, 0.0, None, None
00889.jpg, 1, 1, 0, 0, 0, 0.0, None, None
00890.jpg, 2, 2, 0, 0, 0, 0.0, None, None
00891.jpg, 2, 2, 0, 0, 0, 0.0, None, None
00894.jpg, 1, 1, 0, 0, 0, 0.0, None, None
00898.jpg, 1, 0, 0, 1, 1, 100.0, 0.0, 100.0
00902.jpg, 1, 0, 0, 1, 1, 100.0, 0.0, 100.0
00913.jpg, 2, 2, 0, 0, 0, 0.0, None, None
00914.jpg, 1, 1, 0, 0, 0, 0.0, None, None
00920.jpg, 1, 0, 0, 1, 1, 100.0, 0.0, 100.0
00921.jpg, 1, 1, 0, 0, 0, 0.0, None, None
00925.jpg, 2, 0, 1, 2, 3, 100.0, 33.33333333333333, 100.0
00927.jpg, 1, 1, 0, 0, 0, 0.0, None, None
00935.jpg, 1, 1, 0, 0, 0, 0.0, None, None
00937.jpg, 1, 1, 1, 0, 1, 0.0, 100.0, None
00945.jpg, 1, 1, 0, 0, 0, 0.0, None, None
00949.jpg, 1, 1, 1, 0, 1, 0.0, 100.0, None
00953.jpg, 1, 1, 2, 0, 2, 0.0, 100.0, None
00954.jpg, 1, 1, 0, 0, 0, 0.0, None, None
00966.jpg, 1, 1, 1, 0, 1, 0.0, 100.0, None
00969.jpg, 1, 1, 0, 0, 0, 0.0, None, None
00970.jpg, 2, 2, 0, 0, 0, 0.0, None, None
00971.jpg, 2, 2, 0, 0, 0, 0.0, None, None
00972.jpg, 2, 1, 0, 0, 1, 50.0, 0.0, 0.0
00973.jpg, 1, 1, 0, 0, 0, 0.0, None, None
00974.jpg, 1, 1, 0, 0, 0, 0.0, None, None
00976.jpg, 1, 1, 0, 0, 0, 0.0, None, None
00977.jpg, 1, 1, 0, 0, 0, 0.0, None, None
00978.jpg, 2, 2, 0, 0, 0, 0.0, None, None
00981.jpg, 1, 1, 0, 0, 0, 0.0, None, None
00987.jpg, 1, 1, 0, 0, 0, 0.0, None, None
00998.jpg, 1, 1, 0, 0, 0, 0.0, None, None
01001.jpg, 2, 1, 0, 1, 1, 50.0, 0.0, 100.0
01002.jpg, 1, 1, 0, 0, 0, 0.0, None, None
01004.jpg, 1, 1, 0, 0, 0, 0.0, None, None
01005.jpg, 1, 0, 1, 1, 2, 100.0, 50.0, 100.0
01006.jpg, 1, 1, 0, 0, 0, 0.0, None, None
01011.jpg, 1, 1, 0, 0, 0, 0.0, None, None
01014.jpg, 1, 1, 0, 0, 0, 0.0, None, None
01016.jpg, 1, 1, 0, 0, 0, 0.0, None, None
01017.jpg, 2, 2, 0, 0, 0, 0.0, None, None
01021.jpg, 1, 0, 0, 1, 1, 100.0, 0.0, 100.0
01026.jpg, 1, 1, 0, 0, 0, 0.0, None, None
01028.jpg, 1, 1, 0, 0, 0, 0.0, None, None
01031.jpg, 2, 2, 0, 0, 0, 0.0, None, None
01037.jpg, 1, 0, 0, 1, 1, 100.0, 0.0, 100.0
01050.jpg, 2, 2, 0, 0, 0, 0.0, None, None
01051.jpg, 2, 2, 0, 0, 0, 0.0, None, None
01052.jpg, 2, 2, 0, 0, 0, 0.0, None, None
01053.jpg, 1, 1, 1, 0, 1, 0.0, 100.0, None
01054.jpg, 1, 1, 0, 0, 0, 0.0, None, None
01065.jpg, 1, 1, 0, 0, 0, 0.0, None, None
01066.jpg, 1, 1, 0, 0, 0, 0.0, None, None
01067.jpg, 1, 1, 0, 0, 0, 0.0, None, None
01068.jpg, 1, 1, 0, 0, 0, 0.0, None, None
01069.jpg, 1, 1, 0, 0, 0, 0.0, None, None
01071.jpg, 1, 1, 1, 0, 1, 0.0, 100.0, None
01086.jpg, 2, 2, 0, 0, 0, 0.0, None, None
01088.jpg, 1, 0, 0, 1, 1, 100.0, 0.0, 100.0
01089.jpg, 1, 0, 1, 1, 2, 100.0, 50.0, 100.0
01107.jpg, 1, 0, 1, 1, 2, 100.0, 50.0, 100.0
01109.jpg, 1, 0, 0, 1, 1, 100.0, 0.0, 100.0
01110.jpg, 1, 0, 0, 1, 1, 100.0, 0.0, 100.0
01116.jpg, 1, 1, 0, 0, 0, 0.0, None, None
01117.jpg, 1, 0, 1, 1, 2, 100.0, 50.0, 100.0
01120.jpg, 1, 1, 0, 0, 0, 0.0, None, None
01124.jpg, 1, 1, 0, 0, 0, 0.0, None, None
01131.jpg, 2, 1, 1, 1, 2, 50.0, 50.0, 100.0
01134.jpg, 2, 1, 2, 1, 3, 50.0, 66.66666666666666, 100.0
01142.jpg, 3, 0, 0, 3, 3, 100.0, 0.0, 100.0
01150.jpg, 1, 1, 1, 0, 1, 0.0, 100.0, None
01157.jpg, 2, 2, 0, 0, 0, 0.0, None, None
01165.jpg, 1, 1, 0, 0, 0, 0.0, None, None
01166.jpg, 1, 1, 0, 0, 0, 0.0, None, None
01167.jpg, 2, 0, 0, 2, 2, 100.0, 0.0, 100.0
01173.jpg, 1, 1, 0, 0, 0, 0.0, None, None
01178.jpg, 1, 1, 1, 0, 1, 0.0, 100.0, None
01179.jpg, 1, 1, 0, 0, 0, 0.0, None, None
01181.jpg, 1, 0, 1, 0, 2, 100.0, 50.0, 0.0
01182.jpg, 2, 0, 0, 2, 2, 100.0, 0.0, 100.0
01183.jpg, 2, 2, 0, 0, 0, 0.0, None, None
01186.jpg, 2, 2, 0, 0, 0, 0.0, None, None
01194.jpg, 1, 1, 0, 0, 0, 0.0, None, None
01202.jpg, 1, 0, 1, 1, 2, 100.0, 50.0, 100.0
01204.jpg, 1, 1, 2, 0, 2, 0.0, 100.0, None
01206.jpg, 1, 1, 0, 0, 0, 0.0, None, None
01208.jpg, 1, 1, 0, 0, 0, 0.0, None, None
01209.jpg, 1, 1, 0, 0, 0, 0.0, None, None
01210.jpg, 1, 0, 0, 1, 1, 100.0, 0.0, 100.0
01214.jpg, 2, 2, 0, 0, 0, 0.0, None, None
01216.jpg, 3, 2, 0, 1, 1, 33.33333333333333, 0.0, 100.0
01218.jpg, 1, 1, 0, 0, 0, 0.0, None, None
01219.jpg, 1, 0, 0, 1, 1, 100.0, 0.0, 100.0
01220.jpg, 3, 3, 0, 0, 0, 0.0, None, None
01222.jpg, 3, 3, 0, 0, 0, 0.0, None, None
01223.jpg, 2, 2, 0, 0, 0, 0.0, None, None
01225.jpg, 3, 3, 0, 0, 0, 0.0, None, None
01228.jpg, 1, 0, 0, 1, 1, 100.0, 0.0, 100.0
01230.jpg, 1, 1, 0, 0, 0, 0.0, None, None
01231.jpg, 2, 0, 0, 2, 2, 100.0, 0.0, 100.0
01233.jpg, 1, 1, 0, 0, 0, 0.0, None, None
01234.jpg, 3, 0, 0, 3, 3, 100.0, 0.0, 100.0
01235.jpg, 1, 1, 0, 0, 0, 0.0, None, None
01237.jpg, 2, 1, 0, 1, 1, 50.0, 0.0, 100.0
01254.jpg, 1, 1, 0, 0, 0, 0.0, None, None
01256.jpg, 1, 1, 0, 0, 0, 0.0, None, None
01259.jpg, 1, 1, 0, 0, 0, 0.0, None, None
01265.jpg, 1, 1, 0, 0, 0, 0.0, None, None
01271.jpg, 2, 2, 0, 0, 0, 0.0, None, None
01274.jpg, 1, 0, 0, 1, 1, 100.0, 0.0, 100.0
01277.jpg, 3, 0, 0, 3, 3, 100.0, 0.0, 100.0
01286.jpg, 1, 1, 0, 0, 0, 0.0, None, None
01287.jpg, 1, 1, 0, 0, 0, 0.0, None, None
01288.jpg, 1, 1, 0, 0, 0, 0.0, None, None
01296.jpg, 2, 0, 0, 2, 2, 100.0, 0.0, 100.0
01299.jpg, 2, 2, 0, 0, 0, 0.0, None, None
01303.jpg, 1, 0, 0, 1, 1, 100.0, 0.0, 100.0
01304.jpg, 1, 0, 1, 1, 2, 100.0, 50.0, 100.0
01306.jpg, 3, 3, 0, 0, 0, 0.0, None, None
01313.jpg, 2, 1, 0, 1, 1, 50.0, 0.0, 100.0
01318.jpg, 2, 1, 1, 1, 2, 50.0, 50.0, 100.0
01320.jpg, 1, 1, 0, 0, 0, 0.0, None, None
01321.jpg, 2, 2, 0, 0, 0, 0.0, None, None
01323.jpg, 1, 1, 0, 0, 0, 0.0, None, None
01324.jpg, 1, 1, 0, 0, 0, 0.0, None, None
01325.jpg, 1, 1, 0, 0, 0, 0.0, None, None
01326.jpg, 2, 2, 0, 0, 0, 0.0, None, None
01336.jpg, 1, 1, 0, 0, 0, 0.0, None, None
01337.jpg, 1, 1, 0, 0, 0, 0.0, None, None
01338.jpg, 1, 1, 1, 0, 1, 0.0, 100.0, None
01339.jpg, 1, 1, 0, 0, 0, 0.0, None, None
01341.jpg, 1, 1, 0, 0, 0, 0.0, None, None
01342.jpg, 1, 0, 0, 1, 1, 100.0, 0.0, 100.0
01350.jpg, 1, 1, 0, 0, 0, 0.0, None, None
01355.jpg, 1, 1, 1, 0, 1, 0.0, 100.0, None
01358.jpg, 1, 1, 0, 0, 0, 0.0, None, None
01369.jpg, 2, 2, 0, 0, 0, 0.0, None, None
01371.jpg, 2, 0, 1, 2, 3, 100.0, 33.33333333333333, 100.0
01372.jpg, 2, 1, 0, 1, 1, 50.0, 0.0, 100.0
01374.jpg, 3, 1, 0, 2, 2, 66.66666666666666, 0.0, 100.0
01378.jpg, 2, 2, 0, 0, 0, 0.0, None, None
01380.jpg, 2, 2, 0, 0, 0, 0.0, None, None
01383.jpg, 1, 1, 0, 0, 0, 0.0, None, None
01384.jpg, 1, 1, 0, 0, 0, 0.0, None, None
01386.jpg, 3, 1, 0, 2, 2, 66.66666666666666, 0.0, 100.0
01387.jpg, 1, 1, 0, 0, 0, 0.0, None, None
01396.jpg, 1, 1, 0, 0, 0, 0.0, None, None
01399.jpg, 1, 1, 0, 0, 0, 0.0, None, None
01400.jpg, 1, 1, 0, 0, 0, 0.0, None, None
01401.jpg, 1, 1, 0, 0, 0, 0.0, None, None
01402.jpg, 1, 1, 0, 0, 0, 0.0, None, None
01403.jpg, 1, 1, 0, 0, 0, 0.0, None, None
01404.jpg, 1, 1, 0, 0, 0, 0.0, None, None
01412.jpg, 2, 0, 0, 2, 2, 100.0, 0.0, 100.0
01417.jpg, 1, 1, 0, 0, 0, 0.0, None, None
01420.jpg, 1, 1, 1, 0, 1, 0.0, 100.0, None
01425.jpg, 1, 1, 0, 0, 0, 0.0, None, None
01432.jpg, 1, 1, 0, 0, 0, 0.0, None, None
01435.jpg, 1, 1, 0, 0, 0, 0.0, None, None
01437.jpg, 1, 1, 1, 0, 1, 0.0, 100.0, None
01438.jpg, 1, 1, 0, 0, 0, 0.0, None, None
01439.jpg, 1, 1, 1, 0, 1, 0.0, 100.0, None
01442.jpg, 1, 1, 0, 0, 0, 0.0, None, None
01443.jpg, 1, 1, 0, 0, 0, 0.0, None, None
01444.jpg, 2, 2, 0, 0, 0, 0.0, None, None
01449.jpg, 2, 1, 0, 1, 1, 50.0, 0.0, 100.0
01454.jpg, 3, 0, 1, 3, 4, 100.0, 25.0, 100.0
01456.jpg, 1, 0, 0, 1, 1, 100.0, 0.0, 100.0
01458.jpg, 2, 0, 0, 2, 2, 100.0, 0.0, 100.0
01463.jpg, 2, 0, 0, 2, 2, 100.0, 0.0, 100.0
01465.jpg, 1, 0, 0, 1, 1, 100.0, 0.0, 100.0
01467.jpg, 1, 0, 1, 1, 2, 100.0, 50.0, 100.0
01470.jpg, 3, 3, 0, 0, 0, 0.0, None, None
01471.jpg, 3, 3, 0, 0, 0, 0.0, None, None
01472.jpg, 3, 3, 0, 0, 0, 0.0, None, None
01473.jpg, 3, 3, 0, 0, 0, 0.0, None, None
01482.jpg, 1, 1, 0, 0, 0, 0.0, None, None
01486.jpg, 2, 0, 0, 2, 2, 100.0, 0.0, 100.0
01487.jpg, 2, 0, 0, 2, 2, 100.0, 0.0, 100.0
01488.jpg, 1, 0, 0, 1, 1, 100.0, 0.0, 100.0
01489.jpg, 1, 1, 0, 0, 0, 0.0, None, None
01491.jpg, 1, 1, 0, 0, 0, 0.0, None, None
01497.jpg, 1, 1, 1, 0, 1, 0.0, 100.0, None
01500.jpg, 2, 2, 0, 0, 0, 0.0, None, None
01506.jpg, 2, 0, 1, 2, 3, 100.0, 33.33333333333333, 100.0
01507.jpg, 2, 1, 0, 1, 1, 50.0, 0.0, 100.0
01509.jpg, 1, 1, 0, 0, 0, 0.0, None, None
01510.jpg, 1, 1, 0, 0, 0, 0.0, None, None
01514.jpg, 2, 0, 0, 2, 2, 100.0, 0.0, 100.0
01517.jpg, 2, 0, 0, 2, 2, 100.0, 0.0, 100.0
01523.jpg, 2, 0, 0, 2, 2, 100.0, 0.0, 100.0
01530.jpg, 2, 0, 0, 2, 2, 100.0, 0.0, 100.0
01539.jpg, 2, 2, 0, 0, 0, 0.0, None, None
01542.jpg, 1, 1, 0, 0, 0, 0.0, None, None
01551.jpg, 1, 0, 0, 0, 1, 100.0, 0.0, 0.0
01557.jpg, 1, 1, 0, 0, 0, 0.0, None, None
01563.jpg, 1, 1, 1, 0, 1, 0.0, 100.0, None
01564.jpg, 1, 1, 0, 0, 0, 0.0, None, None
01568.jpg, 1, 1, 0, 0, 0, 0.0, None, None
01569.jpg, 2, 2, 1, 0, 1, 0.0, 100.0, None
01570.jpg, 2, 2, 0, 0, 0, 0.0, None, None
01575.jpg, 1, 1, 0, 0, 0, 0.0, None, None
01576.jpg, 3, 0, 0, 3, 3, 100.0, 0.0, 100.0
01578.jpg, 1, 1, 0, 0, 0, 0.0, None, None
01595.jpg, 1, 1, 0, 0, 0, 0.0, None, None
01596.jpg, 2, 2, 0, 0, 0, 0.0, None, None
01601.jpg, 1, 0, 0, 1, 1, 100.0, 0.0, 100.0
01602.jpg, 5, 4, 0, 1, 1, 20.0, 0.0, 100.0
01606.jpg, 3, 0, 0, 3, 3, 100.0, 0.0, 100.0
01608.jpg, 2, 2, 0, 0, 0, 0.0, None, None
01609.jpg, 2, 2, 1, 0, 1, 0.0, 100.0, None
01610.jpg, 2, 2, 0, 0, 0, 0.0, None, None
01616.jpg, 1, 0, 1, 1, 2, 100.0, 50.0, 100.0
01617.jpg, 1, 0, 0, 1, 1, 100.0, 0.0, 100.0
01622.jpg, 2, 0, 1, 2, 3, 100.0, 33.33333333333333, 100.0
01625.jpg, 1, 0, 1, 1, 2, 100.0, 50.0, 100.0
01626.jpg, 1, 0, 2, 1, 3, 100.0, 66.66666666666666, 100.0
01627.jpg, 2, 0, 1, 1, 3, 100.0, 33.33333333333333, 50.0
01641.jpg, 1, 1, 0, 0, 0, 0.0, None, None
01643.jpg, 1, 1, 0, 0, 0, 0.0, None, None
01645.jpg, 2, 0, 0, 2, 2, 100.0, 0.0, 100.0
01646.jpg, 3, 3, 0, 0, 0, 0.0, None, None
01650.jpg, 2, 0, 0, 2, 2, 100.0, 0.0, 100.0
01653.jpg, 1, 1, 0, 0, 0, 0.0, None, None
01655.jpg, 1, 1, 0, 0, 0, 0.0, None, None
01660.jpg, 1, 0, 0, 1, 1, 100.0, 0.0, 100.0
01664.jpg, 1, 0, 0, 1, 1, 100.0, 0.0, 100.0
01673.jpg, 1, 0, 0, 1, 1, 100.0, 0.0, 100.0
01675.jpg, 2, 2, 0, 0, 0, 0.0, None, None
01677.jpg, 1, 0, 0, 1, 1, 100.0, 0.0, 100.0
01680.jpg, 2, 2, 0, 0, 0, 0.0, None, None
01681.jpg, 1, 1, 0, 0, 0, 0.0, None, None
01684.jpg, 2, 0, 1, 2, 3, 100.0, 33.33333333333333, 100.0
01685.jpg, 3, 0, 0, 3, 3, 100.0, 0.0, 100.0
01686.jpg, 2, 2, 0, 0, 0, 0.0, None, None
01687.jpg, 2, 2, 0, 0, 0, 0.0, None, None
01693.jpg, 3, 0, 0, 3, 3, 100.0, 0.0, 100.0
01695.jpg, 2, 2, 0, 0, 0, 0.0, None, None
01696.jpg, 1, 0, 0, 1, 1, 100.0, 0.0, 100.0
01697.jpg, 1, 1, 0, 0, 0, 0.0, None, None
01702.jpg, 3, 0, 1, 2, 4, 100.0, 25.0, 66.66666666666666
01704.jpg, 3, 0, 1, 3, 4, 100.0, 25.0, 100.0
01707.jpg, 1, 1, 0, 0, 0, 0.0, None, None
01708.jpg, 2, 2, 0, 0, 0, 0.0, None, None
01709.jpg, 2, 2, 0, 0, 0, 0.0, None, None
01710.jpg, 2, 2, 0, 0, 0, 0.0, None, None
01711.jpg, 1, 0, 0, 1, 1, 100.0, 0.0, 100.0
01719.jpg, 3, 2, 0, 1, 1, 33.33333333333333, 0.0, 100.0
01730.jpg, 2, 0, 0, 2, 2, 100.0, 0.0, 100.0
01731.jpg, 1, 1, 0, 0, 0, 0.0, None, None
01732.jpg, 2, 0, 0, 2, 2, 100.0, 0.0, 100.0
01733.jpg, 2, 0, 0, 2, 2, 100.0, 0.0, 100.0
01734.jpg, 1, 1, 0, 0, 0, 0.0, None, None
01736.jpg, 2, 0, 0, 2, 2, 100.0, 0.0, 100.0
01738.jpg, 2, 0, 0, 2, 2, 100.0, 0.0, 100.0
01743.jpg, 2, 2, 0, 0, 0, 0.0, None, None
01744.jpg, 1, 1, 0, 0, 0, 0.0, None, None
01745.jpg, 1, 1, 0, 0, 0, 0.0, None, None
01750.jpg, 1, 0, 0, 1, 1, 100.0, 0.0, 100.0
01757.jpg, 3, 2, 0, 1, 1, 33.33333333333333, 0.0, 100.0
01758.jpg, 3, 2, 0, 1, 1, 33.33333333333333, 0.0, 100.0
01760.jpg, 2, 2, 1, 0, 1, 0.0, 100.0, None
01761.jpg, 2, 2, 1, 0, 1, 0.0, 100.0, None
01762.jpg, 2, 2, 1, 0, 1, 0.0, 100.0, None
01763.jpg, 2, 1, 1, 1, 2, 50.0, 50.0, 100.0
01766.jpg, 1, 0, 0, 1, 1, 100.0, 0.0, 100.0
01768.jpg, 1, 0, 0, 1, 1, 100.0, 0.0, 100.0
01772.jpg, 1, 1, 1, 0, 1, 0.0, 100.0, None
01777.jpg, 2, 2, 0, 0, 0, 0.0, None, None
01778.jpg, 1, 1, 0, 0, 0, 0.0, None, None
01779.jpg, 1, 1, 0, 0, 0, 0.0, None, None
01780.jpg, 1, 1, 0, 0, 0, 0.0, None, None
01781.jpg, 2, 0, 1, 2, 3, 100.0, 33.33333333333333, 100.0
01785.jpg, 1, 1, 0, 0, 0, 0.0, None, None
01793.jpg, 2, 1, 0, 1, 1, 50.0, 0.0, 100.0
01796.jpg, 1, 1, 0, 0, 0, 0.0, None, None
01805.jpg, 3, 1, 0, 2, 2, 66.66666666666666, 0.0, 100.0
01806.jpg, 2, 2, 0, 0, 0, 0.0, None, None
01807.jpg, 2, 2, 0, 0, 0, 0.0, None, None
01812.jpg, 2, 2, 0, 0, 0, 0.0, None, None
01813.jpg, 1, 1, 0, 0, 0, 0.0, None, None
01822.jpg, 2, 2, 0, 0, 0, 0.0, None, None
01824.jpg, 3, 0, 0, 3, 3, 100.0, 0.0, 100.0
01827.jpg, 1, 0, 0, 1, 1, 100.0, 0.0, 100.0
01828.jpg, 1, 0, 0, 1, 1, 100.0, 0.0, 100.0
01829.jpg, 2, 2, 2, 0, 2, 0.0, 100.0, None
01831.jpg, 4, 2, 0, 2, 2, 50.0, 0.0, 100.0
01833.jpg, 1, 1, 0, 0, 0, 0.0, None, None
01835.jpg, 2, 0, 1, 2, 3, 100.0, 33.33333333333333, 100.0
01836.jpg, 1, 0, 0, 1, 1, 100.0, 0.0, 100.0
01837.jpg, 1, 0, 1, 1, 2, 100.0, 50.0, 100.0
01838.jpg, 1, 0, 1, 1, 2, 100.0, 50.0, 100.0
01846.jpg, 1, 0, 1, 1, 2, 100.0, 50.0, 100.0
01853.jpg, 2, 0, 0, 2, 2, 100.0, 0.0, 100.0
01855.jpg, 1, 0, 1, 1, 2, 100.0, 50.0, 100.0
01858.jpg, 4, 2, 0, 2, 2, 50.0, 0.0, 100.0
01860.jpg, 1, 1, 1, 0, 1, 0.0, 100.0, None
01861.jpg, 1, 1, 0, 0, 0, 0.0, None, None
01862.jpg, 1, 1, 0, 0, 0, 0.0, None, None
01864.jpg, 1, 0, 0, 1, 1, 100.0, 0.0, 100.0
01865.jpg, 4, 1, 0, 3, 3, 75.0, 0.0, 100.0
01866.jpg, 2, 2, 0, 0, 0, 0.0, None, None
01867.jpg, 2, 2, 2, 0, 2, 0.0, 100.0, None
01870.jpg, 1, 1, 0, 0, 0, 0.0, None, None
01872.jpg, 3, 0, 0, 3, 3, 100.0, 0.0, 100.0
01873.jpg, 1, 1, 0, 0, 0, 0.0, None, None
01874.jpg, 1, 1, 0, 0, 0, 0.0, None, None
01875.jpg, 1, 1, 0, 0, 0, 0.0, None, None
01878.jpg, 1, 0, 0, 1, 1, 100.0, 0.0, 100.0
01879.jpg, 1, 0, 0, 1, 1, 100.0, 0.0, 100.0
01882.jpg, 2, 0, 0, 2, 2, 100.0, 0.0, 100.0
01885.jpg, 1, 1, 0, 0, 0, 0.0, None, None
01887.jpg, 1, 0, 0, 1, 1, 100.0, 0.0, 100.0
01893.jpg, 2, 1, 0, 1, 1, 50.0, 0.0, 100.0
01896.jpg, 1, 0, 2, 1, 3, 100.0, 66.66666666666666, 100.0
01897.jpg, 1, 0, 0, 1, 1, 100.0, 0.0, 100.0
01898.jpg, 1, 0, 0, 1, 1, 100.0, 0.0, 100.0
01900.jpg, 1, 1, 1, 0, 1, 0.0, 100.0, None
01902.jpg, 2, 2, 1, 0, 1, 0.0, 100.0, None
01905.jpg, 2, 0, 0, 2, 2, 100.0, 0.0, 100.0
01911.jpg, 2, 0, 0, 2, 2, 100.0, 0.0, 100.0
01932.jpg, 1, 1, 1, 0, 1, 0.0, 100.0, None
01939.jpg, 4, 2, 0, 2, 2, 50.0, 0.0, 100.0
01940.jpg, 2, 2, 0, 0, 0, 0.0, None, None
01942.jpg, 2, 2, 0, 0, 0, 0.0, None, None
01943.jpg, 2, 2, 0, 0, 0, 0.0, None, None
01944.jpg, 2, 2, 0, 0, 0, 0.0, None, None
01945.jpg, 2, 2, 0, 0, 0, 0.0, None, None
01946.jpg, 2, 2, 0, 0, 0, 0.0, None, None
01947.jpg, 2, 2, 0, 0, 0, 0.0, None, None
01949.jpg, 3, 2, 0, 1, 1, 33.33333333333333, 0.0, 100.0
01952.jpg, 1, 1, 0, 0, 0, 0.0, None, None
01955.jpg, 1, 1, 1, 0, 1, 0.0, 100.0, None
01956.jpg, 1, 1, 0, 0, 0, 0.0, None, None
01957.jpg, 1, 1, 0, 0, 0, 0.0, None, None
01959.jpg, 2, 1, 0, 1, 1, 50.0, 0.0, 100.0
01960.jpg, 1, 1, 0, 0, 0, 0.0, None, None
01961.jpg, 1, 1, 0, 0, 0, 0.0, None, None
01962.jpg, 1, 1, 0, 0, 0, 0.0, None, None
01967.jpg, 1, 1, 0, 0, 0, 0.0, None, None
01978.jpg, 2, 1, 0, 1, 1, 50.0, 0.0, 100.0
01980.jpg, 1, 1, 0, 0, 0, 0.0, None, None
01989.jpg, 2, 1, 1, 0, 2, 50.0, 50.0, 0.0
01995.jpg, 2, 2, 0, 0, 0, 0.0, None, None
02009.jpg, 1, 1, 0, 0, 0, 0.0, None, None
02010.jpg, 2, 2, 0, 0, 0, 0.0, None, None
02014.jpg, 2, 2, 0, 0, 0, 0.0, None, None
02016.jpg, 1, 1, 1, 0, 1, 0.0, 100.0, None
02018.jpg, 3, 3, 0, 0, 0, 0.0, None, None
02023.jpg, 1, 1, 0, 0, 0, 0.0, None, None
02053.jpg, 1, 1, 0, 0, 0, 0.0, None, None
02054.jpg, 1, 1, 1, 0, 1, 0.0, 100.0, None
02059.jpg, 1, 1, 0, 0, 0, 0.0, None, None
02061.jpg, 1, 1, 0, 0, 0, 0.0, None, None
02062.jpg, 1, 1, 0, 0, 0, 0.0, None, None
02063.jpg, 1, 1, 0, 0, 0, 0.0, None, None
02064.jpg, 1, 1, 0, 0, 0, 0.0, None, None
02072.jpg, 3, 3, 0, 0, 0, 0.0, None, None
02078.jpg, 5, 5, 0, 0, 0, 0.0, None, None
02087.jpg, 1, 1, 0, 0, 0, 0.0, None, None
02096.jpg, 1, 1, 0, 0, 0, 0.0, None, None
02099.jpg, 1, 1, 7, 0, 7, 0.0, 100.0, None
02104.jpg, 4, 4, 0, 0, 0, 0.0, None, None
02107.jpg, 2, 2, 0, 0, 0, 0.0, None, None
02109.jpg, 1, 1, 0, 0, 0, 0.0, None, None
02113.jpg, 2, 2, 0, 0, 0, 0.0, None, None
02117.jpg, 1, 1, 0, 0, 0, 0.0, None, None
02118.jpg, 1, 0, 0, 1, 1, 100.0, 0.0, 100.0
02128.jpg, 1, 1, 0, 0, 0, 0.0, None, None
02129.jpg, 2, 2, 0, 0, 0, 0.0, None, None
02130.jpg, 2, 2, 0, 0, 0, 0.0, None, None
02131.jpg, 2, 2, 0, 0, 0, 0.0, None, None
02136.jpg, 2, 1, 0, 1, 1, 50.0, 0.0, 100.0
02137.jpg, 3, 3, 0, 0, 0, 0.0, None, None
02157.jpg, 2, 2, 0, 0, 0, 0.0, None, None
02168.jpg, 3, 3, 0, 0, 0, 0.0, None, None
02173.jpg, 2, 2, 0, 0, 0, 0.0, None, None
02175.jpg, 2, 2, 0, 0, 0, 0.0, None, None
02177.jpg, 1, 1, 0, 0, 0, 0.0, None, None
02198.jpg, 3, 3, 0, 0, 0, 0.0, None, None
02199.jpg, 2, 2, 0, 0, 0, 0.0, None, None
02214.jpg, 2, 2, 0, 0, 0, 0.0, None, None
02216.jpg, 2, 2, 0, 0, 0, 0.0, None, None
02222.jpg, 1, 1, 0, 0, 0, 0.0, None, None
02223.jpg, 1, 1, 0, 0, 0, 0.0, None, None
02225.jpg, 1, 1, 0, 0, 0, 0.0, None, None
02226.jpg, 2, 2, 0, 0, 0, 0.0, None, None
02227.jpg, 2, 2, 0, 0, 0, 0.0, None, None
02229.jpg, 1, 1, 0, 0, 0, 0.0, None, None
02230.jpg, 1, 1, 0, 0, 0, 0.0, None, None
02233.jpg, 2, 2, 0, 0, 0, 0.0, None, None
02234.jpg, 2, 2, 0, 0, 0, 0.0, None, None
02236.jpg, 2, 2, 0, 0, 0, 0.0, None, None
02240.jpg, 1, 0, 2, 1, 3, 100.0, 66.66666666666666, 100.0
02249.jpg, 4, 4, 0, 0, 0, 0.0, None, None
02251.jpg, 1, 0, 1, 1, 2, 100.0, 50.0, 100.0
02252.jpg, 3, 3, 0, 0, 0, 0.0, None, None
02257.jpg, 2, 2, 0, 0, 0, 0.0, None, None
02279.jpg, 2, 0, 0, 2, 2, 100.0, 0.0, 100.0
02282.jpg, 3, 3, 0, 0, 0, 0.0, None, None
02287.jpg, 1, 1, 0, 0, 0, 0.0, None, None
02290.jpg, 1, 0, 1, 1, 2, 100.0, 50.0, 100.0
02291.jpg, 1, 0, 0, 1, 1, 100.0, 0.0, 100.0
02292.jpg, 1, 0, 0, 1, 1, 100.0, 0.0, 100.0
02295.jpg, 1, 0, 1, 1, 2, 100.0, 50.0, 100.0
02303.jpg, 1, 0, 0, 1, 1, 100.0, 0.0, 100.0
02305.jpg, 1, 0, 0, 1, 1, 100.0, 0.0, 100.0
02306.jpg, 3, 3, 0, 0, 0, 0.0, None, None
02313.jpg, 1, 1, 0, 0, 0, 0.0, None, None
02316.jpg, 2, 2, 0, 0, 0, 0.0, None, None
02322.jpg, 1, 0, 1, 1, 2, 100.0, 50.0, 100.0
02327.jpg, 2, 2, 0, 0, 0, 0.0, None, None
02331.jpg, 2, 2, 0, 0, 0, 0.0, None, None
02344.jpg, 2, 2, 1, 0, 1, 0.0, 100.0, None
02345.jpg, 1, 1, 0, 0, 0, 0.0, None, None
02347.jpg, 5, 5, 0, 0, 0, 0.0, None, None
02386.jpg, 5, 5, 0, 0, 0, 0.0, None, None
02387.jpg, 2, 2, 0, 0, 0, 0.0, None, None
02390.jpg, 5, 5, 0, 0, 0, 0.0, None, None
02392.jpg, 1, 1, 0, 0, 0, 0.0, None, None
02395.jpg, 1, 1, 1, 0, 1, 0.0, 100.0, None
02397.jpg, 1, 1, 0, 0, 0, 0.0, None, None
02400.jpg, 2, 2, 0, 0, 0, 0.0, None, None
02409.jpg, 2, 2, 0, 0, 0, 0.0, None, None
02414.jpg, 1, 1, 0, 0, 0, 0.0, None, None
02416.jpg, 1, 1, 0, 0, 0, 0.0, None, None
02427.jpg, 2, 2, 0, 0, 0, 0.0, None, None
02428.jpg, 2, 2, 0, 0, 0, 0.0, None, None
02429.jpg, 2, 2, 0, 0, 0, 0.0, None, None
02431.jpg, 2, 2, 0, 0, 0, 0.0, None, None
02432.jpg, 1, 1, 0, 0, 0, 0.0, None, None
02434.jpg, 2, 2, 0, 0, 0, 0.0, None, None
02439.jpg, 1, 1, 0, 0, 0, 0.0, None, None
02445.jpg, 2, 0, 0, 1, 2, 100.0, 0.0, 50.0
02446.jpg, 2, 0, 0, 2, 2, 100.0, 0.0, 100.0
02448.jpg, 3, 3, 0, 0, 0, 0.0, None, None
02454.jpg, 1, 0, 1, 1, 2, 100.0, 50.0, 100.0
02456.jpg, 1, 1, 0, 0, 0, 0.0, None, None
02462.jpg, 1, 1, 0, 0, 0, 0.0, None, None
02469.jpg, 2, 2, 0, 0, 0, 0.0, None, None
02476.jpg, 2, 2, 0, 0, 0, 0.0, None, None
02477.jpg, 6, 6, 0, 0, 0, 0.0, None, None
02478.jpg, 2, 2, 0, 0, 0, 0.0, None, None
02483.jpg, 2, 2, 0, 0, 0, 0.0, None, None
02494.jpg, 1, 1, 0, 0, 0, 0.0, None, None
02497.jpg, 3, 3, 0, 0, 0, 0.0, None, None
02503.jpg, 1, 1, 1, 0, 1, 0.0, 100.0, None
02507.jpg, 3, 3, 0, 0, 0, 0.0, None, None
02510.jpg, 2, 2, 0, 0, 0, 0.0, None, None
02511.jpg, 3, 3, 0, 0, 0, 0.0, None, None
02515.jpg, 2, 2, 0, 0, 0, 0.0, None, None
02516.jpg, 3, 2, 0, 1, 1, 33.33333333333333, 0.0, 100.0
02517.jpg, 3, 3, 0, 0, 0, 0.0, None, None
02521.jpg, 1, 1, 0, 0, 0, 0.0, None, None
02523.jpg, 1, 1, 0, 0, 0, 0.0, None, None
02524.jpg, 2, 2, 0, 0, 0, 0.0, None, None
02529.jpg, 1, 1, 0, 0, 0, 0.0, None, None
02533.jpg, 1, 1, 0, 0, 0, 0.0, None, None
02536.jpg, 1, 0, 1, 1, 2, 100.0, 50.0, 100.0
02539.jpg, 3, 3, 0, 0, 0, 0.0, None, None
02544.jpg, 1, 1, 0, 0, 0, 0.0, None, None
02546.jpg, 1, 1, 1, 0, 1, 0.0, 100.0, None
02550.jpg, 2, 2, 0, 0, 0, 0.0, None, None
02553.jpg, 3, 3, 0, 0, 0, 0.0, None, None
02556.jpg, 5, 1, 0, 3, 4, 80.0, 0.0, 75.0
02558.jpg, 2, 1, 0, 1, 1, 50.0, 0.0, 100.0
02559.jpg, 6, 6, 0, 0, 0, 0.0, None, None
02564.jpg, 1, 1, 0, 0, 0, 0.0, None, None
02565.jpg, 4, 4, 0, 0, 0, 0.0, None, None
02567.jpg, 2, 2, 1, 0, 1, 0.0, 100.0, None
02570.jpg, 1, 1, 0, 0, 0, 0.0, None, None
02583.jpg, 2, 2, 0, 0, 0, 0.0, None, None
02600.jpg, 1, 1, 0, 0, 0, 0.0, None, None
02605.jpg, 1, 1, 2, 0, 2, 0.0, 100.0, None
02606.jpg, 1, 0, 0, 1, 1, 100.0, 0.0, 100.0
02609.jpg, 1, 1, 0, 0, 0, 0.0, None, None
02612.jpg, 1, 1, 0, 0, 0, 0.0, None, None
02623.jpg, 1, 1, 0, 0, 0, 0.0, None, None
02628.jpg, 3, 3, 0, 0, 0, 0.0, None, None
02641.jpg, 3, 3, 0, 0, 0, 0.0, None, None
02642.jpg, 6, 6, 1, 0, 1, 0.0, 100.0, None
02646.jpg, 2, 2, 0, 0, 0, 0.0, None, None
02649.jpg, 2, 2, 0, 0, 0, 0.0, None, None
02652.jpg, 3, 3, 0, 0, 0, 0.0, None, None
02655.jpg, 2, 2, 0, 0, 0, 0.0, None, None
02660.jpg, 2, 1, 0, 1, 1, 50.0, 0.0, 100.0
02662.jpg, 2, 2, 0, 0, 0, 0.0, None, None
02664.jpg, 2, 2, 0, 0, 0, 0.0, None, None
02668.jpg, 1, 0, 0, 1, 1, 100.0, 0.0, 100.0
02672.jpg, 3, 3, 0, 0, 0, 0.0, None, None
02680.jpg, 1, 0, 1, 1, 2, 100.0, 50.0, 100.0
02684.jpg, 1, 1, 0, 0, 0, 0.0, None, None
02686.jpg, 1, 1, 0, 0, 0, 0.0, None, None
02687.jpg, 1, 1, 1, 0, 1, 0.0, 100.0, None
02688.jpg, 1, 1, 0, 0, 0, 0.0, None, None
02696.jpg, 2, 0, 0, 2, 2, 100.0, 0.0, 100.0
02698.jpg, 1, 1, 1, 0, 1, 0.0, 100.0, None
02699.jpg, 1, 1, 0, 0, 0, 0.0, None, None
02704.jpg, 1, 0, 2, 1, 3, 100.0, 66.66666666666666, 100.0
02705.jpg, 1, 0, 2, 1, 3, 100.0, 66.66666666666666, 100.0
02710.jpg, 2, 1, 0, 1, 1, 50.0, 0.0, 100.0
02722.jpg, 2, 0, 0, 2, 2, 100.0, 0.0, 100.0
02724.jpg, 3, 0, 1, 3, 4, 100.0, 25.0, 100.0
02726.jpg, 5, 5, 0, 0, 0, 0.0, None, None
02730.jpg, 1, 1, 0, 0, 0, 0.0, None, None
02732.jpg, 1, 0, 0, 1, 1, 100.0, 0.0, 100.0
02734.jpg, 1, 1, 1, 0, 1, 0.0, 100.0, None
02742.jpg, 4, 1, 0, 3, 3, 75.0, 0.0, 100.0
02756.jpg, 1, 0, 0, 1, 1, 100.0, 0.0, 100.0
02760.jpg, 2, 0, 0, 2, 2, 100.0, 0.0, 100.0
02768.jpg, 2, 1, 1, 1, 2, 50.0, 50.0, 100.0
02769.jpg, 2, 1, 1, 1, 2, 50.0, 50.0, 100.0
02770.jpg, 2, 1, 2, 1, 3, 50.0, 66.66666666666666, 100.0
02771.jpg, 2, 1, 2, 1, 3, 50.0, 66.66666666666666, 100.0
02772.jpg, 2, 1, 1, 1, 2, 50.0, 50.0, 100.0
02774.jpg, 2, 1, 1, 1, 2, 50.0, 50.0, 100.0
02775.jpg, 2, 1, 3, 1, 4, 50.0, 75.0, 100.0
02792.jpg, 3, 3, 0, 0, 0, 0.0, None, None
02793.jpg, 2, 0, 0, 2, 2, 100.0, 0.0, 100.0
02795.jpg, 1, 1, 0, 0, 0, 0.0, None, None
02797.jpg, 1, 0, 1, 1, 2, 100.0, 50.0, 100.0
02798.jpg, 2, 1, 0, 1, 1, 50.0, 0.0, 100.0
02799.jpg, 1, 0, 0, 1, 1, 100.0, 0.0, 100.0
02802.jpg, 4, 3, 0, 1, 1, 25.0, 0.0, 100.0
02804.jpg, 3, 2, 0, 1, 1, 33.33333333333333, 0.0, 100.0
02811.jpg, 1, 0, 0, 1, 1, 100.0, 0.0, 100.0
02814.jpg, 1, 1, 0, 0, 0, 0.0, None, None
02816.jpg, 1, 1, 0, 0, 0, 0.0, None, None
02818.jpg, 1, 0, 0, 1, 1, 100.0, 0.0, 100.0
02824.jpg, 1, 1, 2, 0, 2, 0.0, 100.0, None
02827.jpg, 1, 0, 1, 1, 2, 100.0, 50.0, 100.0
02837.jpg, 3, 2, 0, 1, 1, 33.33333333333333, 0.0, 100.0
02844.jpg, 1, 1, 0, 0, 0, 0.0, None, None
02847.jpg, 3, 3, 0, 0, 0, 0.0, None, None
02848.jpg, 1, 0, 0, 1, 1, 100.0, 0.0, 100.0
02849.jpg, 1, 0, 0, 1, 1, 100.0, 0.0, 100.0
02850.jpg, 2, 2, 0, 0, 0, 0.0, None, None
02856.jpg, 2, 2, 0, 0, 0, 0.0, None, None
02858.jpg, 3, 3, 1, 0, 1, 0.0, 100.0, None
02859.jpg, 2, 2, 0, 0, 0, 0.0, None, None
02861.jpg, 3, 3, 0, 0, 0, 0.0, None, None
02863.jpg, 1, 1, 0, 0, 0, 0.0, None, None
02865.jpg, 1, 1, 0, 0, 0, 0.0, None, None
02866.jpg, 1, 1, 0, 0, 0, 0.0, None, None
02873.jpg, 1, 1, 0, 0, 0, 0.0, None, None
02874.jpg, 2, 2, 0, 0, 0, 0.0, None, None
02876.jpg, 1, 1, 0, 0, 0, 0.0, None, None
02878.jpg, 3, 3, 0, 0, 0, 0.0, None, None
02879.jpg, 1, 1, 1, 0, 1, 0.0, 100.0, None
02883.jpg, 1, 1, 2, 0, 2, 0.0, 100.0, None
02884.jpg, 1, 1, 0, 0, 0, 0.0, None, None
02886.jpg, 4, 4, 0, 0, 0, 0.0, None, None
02888.jpg, 2, 0, 0, 2, 2, 100.0, 0.0, 100.0
02889.jpg, 2, 0, 0, 2, 2, 100.0, 0.0, 100.0
02899.jpg, 3, 3, 0, 0, 0, 0.0, None, None
02900.jpg, 1, 1, 0, 0, 0, 0.0, None, None
02907.jpg, 3, 3, 0, 0, 0, 0.0, None, None
02908.jpg, 3, 3, 0, 0, 0, 0.0, None, None
02910.jpg, 3, 3, 0, 0, 0, 0.0, None, None
02917.jpg, 1, 1, 1, 0, 1, 0.0, 100.0, None
02919.jpg, 4, 4, 0, 0, 0, 0.0, None, None
02923.jpg, 2, 2, 0, 0, 0, 0.0, None, None
02934.jpg, 1, 1, 1, 0, 1, 0.0, 100.0, None
02935.jpg, 2, 2, 0, 0, 0, 0.0, None, None
02936.jpg, 3, 3, 0, 0, 0, 0.0, None, None
02937.jpg, 3, 2, 0, 1, 1, 33.33333333333333, 0.0, 100.0
02938.jpg, 4, 4, 1, 0, 1, 0.0, 100.0, None
02939.jpg, 4, 4, 0, 0, 0, 0.0, None, None
02940.jpg, 4, 4, 0, 0, 0, 0.0, None, None
02941.jpg, 2, 2, 0, 0, 0, 0.0, None, None
02944.jpg, 1, 1, 0, 0, 0, 0.0, None, None
02945.jpg, 3, 3, 0, 0, 0, 0.0, None, None
02946.jpg, 3, 3, 0, 0, 0, 0.0, None, None
02948.jpg, 4, 4, 0, 0, 0, 0.0, None, None
02949.jpg, 4, 4, 0, 0, 0, 0.0, None, None
02951.jpg, 4, 4, 0, 0, 0, 0.0, None, None
02952.jpg, 4, 4, 0, 0, 0, 0.0, None, None
02953.jpg, 1, 1, 1, 0, 1, 0.0, 100.0, None
02957.jpg, 4, 4, 0, 0, 0, 0.0, None, None
02958.jpg, 2, 2, 0, 0, 0, 0.0, None, None
02959.jpg, 3, 3, 0, 0, 0, 0.0, None, None
02960.jpg, 1, 0, 0, 1, 1, 100.0, 0.0, 100.0
02968.jpg, 1, 0, 0, 1, 1, 100.0, 0.0, 100.0
02979.jpg, 1, 1, 0, 0, 0, 0.0, None, None
02980.jpg, 4, 1, 1, 2, 4, 75.0, 25.0, 66.66666666666666
02985.jpg, 1, 1, 2, 0, 2, 0.0, 100.0, None
02986.jpg, 1, 1, 1, 0, 1, 0.0, 100.0, None
02987.jpg, 1, 1, 3, 0, 3, 0.0, 100.0, None
02988.jpg, 4, 1, 0, 3, 3, 75.0, 0.0, 100.0
02992.jpg, 1, 1, 1, 0, 1, 0.0, 100.0, None
02993.jpg, 4, 3, 0, 1, 1, 25.0, 0.0, 100.0
02996.jpg, 4, 1, 0, 3, 3, 75.0, 0.0, 100.0
02997.jpg, 1, 0, 1, 1, 2, 100.0, 50.0, 100.0
02998.jpg, 1, 1, 2, 0, 2, 0.0, 100.0, None
02999.jpg, 1, 1, 3, 0, 3, 0.0, 100.0, None
Total test: 784
Akurasi Deteksi Warna: 96.58365261813537
False Positive Haarcascade: 35.741811175337176
Akurasi Object Detection Haarcascade: 48.18129661503155
